40 ARRIV 156ss BOTANIK. BAND 12. 11εο 2.

11161161513, 111. 61. 111. 01111’311(11 38811111113 1111 1116111 017313 1113-
den, 50111 310 31 611 mycket 113131113115115111 0156611116 86110111
(16 pei 116(116 116(1]’6(161611 116111111183 51113 5116115183 0011 1111111811
1311(13(16 10061113, 0111311 11111113 1113(161 11351181 61161 Ρ1ὃ151181
1111131 1 1116(1(1. Den 11116 (161611 31 11130161 3861 1311 5111311116,
1116(13 0011 5131111 116(131111113(16 101161, 31 11111113 de 1161161513
011351 310 510116 311 (16 1111183, 111131186110111 611 υ1ρ13813ἀ1
31111011 11101 1113(1615 1161116 (161 uppkommer. Den (5116 delen
131 1131186110111 11156611116 31 611 0131111181 5101 1311(13(1 0011 11111311
311(11011. 11111611113(1611 310 1105 10111161 1116(1 dylik bladform
vanligen 033111111 1311(13(16 31 1311816 0011 11011316, 5131111 1131131--
111113(16 1311(161.

Exemplar 11311 111511316 10113161 5311113 νει-11118611 (16 nyss-
nkimnda ovala ι11161111311611. Deras 11111611113(1 310 111613 111-
(1138113, 11111 111113116 31 1116(13 111. 61. 111. 131183 0011 011351 5131111
1131131111113(16 101161. (131113 1111 3111611 1105 (16553 1113(1 113801
31 (16 116(10111 1111(11611 5111311116 1011931611 513111316 11117601113111
311 (16 116(1311101 116111111183, 011351 511131316101161113. 1101161113
310 1105 (16553 1113(1 86110111 djupare 0011 1116(1316 1115113111111831
1)·(1118316 3151111]’(13 11311 111131311ᾶ13, 111311 311 113813 6861111183
1111611011161 1131186110111 11911513. Lobens &fre rand varierar
11311 111. 61. 111. hvfflfd 1111 11351311 1311 61161 pa (16 1116Π61513 10-
1)61113 1111 0011 1116(1 113801 1115113118ᾰ3 0011 31 1110111 p& bladets
&fversta parti antid 13111118611 11111181 1311(13(1 31 11011316 61161
1311816, 111. 61. m. syllika 13111161. Ᾰ1111101)61Π3 310 51013 0011
1116(13 531111 0113 131183 0011 Π1Ρ13813ᾶ1 Ρ1111113, 1161111311ᾶ3ᾶ6 ’
61161 0113 011311 1111111611 1116(1 611 par 1110153113 1311(161. 1111161-
1113(1611 310 1105 (16553 10111161 1311118611 6]” 53 11613 50111 1105 (16

“ 1116(11113(1183, 111311 383 1383, 1311(13(16, 116(131111113(16101161,

Stundom 3111131135 exemplar med 5111311 1311061111113 1113(1
0011 11011316 531111 8165316 101161.

De 5111311113(1183 10111161113 1116(1 111613 1111111183 101161 6111113
1311 mycket 1131111116111 0111 Τ. spectabile, 111611 5111133 518 86110111
1113(11318611, 113011181161611 0011 (16 111611316, ej klolika 101161113
531111 86110111 (16 1)*(11181 11115116153116 γ11611ῇ311611, hvilka 86-
110111 5111 101111 0011 5111 011351 mycket tydliga 1111111113111 1 11ὂ8
grad 6111113 0111 13311611 1105 Τ. eximium.

T. hypoohaeris n. sp.

Folia laete prasino-viridia, 531 conformia, subtus pilis
tenuibu5‚,sparsiS, supra pilis articulatis, sparsis—crebrioribUS,

