70 ARKIV 1011 BOTANIK. ΒΑΜ) 12. 11ῑο 2.

811ῃὰ517311, Εο151303011611 (Ε. ΟΟΙᾸᾸΝΒΕΒ), 81111103011611 1 5110-
8611, 11081 8135 1 51111883, Α111011 (K. LUNDBERG); Α1111131, Lind-
5]0 (Ε. COLLINDER); 810116 sm, Κ311513 (C. A. NORDLANDER).

1170196.- Ι)01716 (ELISABETH EKMAN); Η3116131111, 131311ἀο11,
ΒΓ311010111131119611 0011 3311038611 (FB. LANGE).

Denna art- 31 1311 186111131111 86110111 51113 1]1151 8111810113
01311, 31 111711113 016 511116 310 531116165 113131113115115113 86110111
51113 016113, 93 01311615 1161116 1161 111613 1113118111313 61161 0161-
1011115113 0011 11111311013016, 93 01311615 0116 0161 111613 111011113
1111131 111601 11311118611 11610130111301 1111101111181 1101117611 0116 131111
0011 110113 11173553 5961531 531111 51131917111111183 1115113111111831
111611311 1111131113. Ᾰ110110061113 310 111. 61. m. pillika‚ m. 61. 111.
51013 111601 11351311 13113 1111 11011176Χ3 11311161 0011 310 6] 5311311
93 1111011611 111. 61. 111. 11151101113 531111 310 116101311113116 61161 383
116111111 93 11173111613 5111311 1-2 51113 13111161. Π9931 511113 016
1 611 511319 59615 61161 310 11351181 0011 5111311 1111596153116. De
11116 01301611 0111131113 518 86110111 1311 5111311116, 11011316, 93
0116 113111611 11111181 51711311113116 1111131 93 1161116 1161611 31 0131161
0011 611 13118, 0113 1111701161 01611 59615 61161 3111111111, 50111 11611-
1111 31 111. 61. 111. 81011 0011 0]3111111 131101311 61161 511111110111 131181
011761 1111011611 1111316 0011 131316 131111311 31 1311816 11101113 1311-
0161 0111173Χ1311116 111611 1311111316 0011 11011316 531111 11991111 1161-
0130111301 0011 11351181 110901138611 till 611 1311816 61161 11011316
511319 59615.

Hos 1111183 exemplar 310 6] 5311311 100111111131113 0011 3117611
013015111117311 111611311 117611116 100931 111. 61. 111. 51731117101611 131-
83116. Hos 016 11116 01301611 31 6] 5311311 0117615111311 11101 59615611
111. 61. 111. 0111113111181 3111119611 111150111 1105 T. squarrosum 61161
Τ. macrocentrum. Κο18611 31 ν3011611 1110111801, 5101 0011 vid
531111 1301161311116 111601 6] 531116165 016113 93 111111615111311 111601 611
11101111 101117101611 031101 1015611113 11311101011111101 0011 111. 61. 111.
111111113016 11116 01011111101. Ῡ11611101111]311611 310 1111701161 breda,
01601316 311 1105 T. squarrosum och 1]1153, 038101111181 116111711113.
Ρ3 0111615101311 011 016 0113 111. 61. 111. 1]1151 10016111οἃ3, 93 under-
sidan 1110111316. Κο18611 61111131 1111701161 0111 (1611 1105 Τ. squar-
rosum, 111611 31 113801 1110111316 8111111601 03111161 93 113111οΙ0111-
111011135 1111016151113 111118316 13183111 531111 tydligt 311113 111 1
131111611135 5961531. 0111 T. opacum 61111131 01611113 311 6] 531-
1311 1 31156611116 1111 016 171116 01311611,111611 10061113 51113 131316,
310 01601316 0011 1111111116 tydligt klolika 531111 310 1 16861 skilda
31 5113193 1115113111111831.

